7.1092415419 
7.1038440415 
7.0962991284 
7.1036590627 
7.1133426145 
7.1120554316 
7.1117792097 
7.3354166461 
7.2255208199 
7.7890057201 
7.7243403792 
7.5769948899 
9.2590835223 
16.7303625515 
7.4251715187 
7.8185399654 
7.9257953333 
7.6594777380 
15.8435627588 
17.2918547024 
18.1115375696 
9.3152441571 
8.5146709671 
21.0659162437 
21.9819743833 
23.6473056267 
24.0321217818 
24.2865865259 
14.6905526653 
34.3978000929 
42.0835660566 
42.3080051796 
43.2320644791 
43.3041195596 
43.1103391836 
