7.1084152731 
7.0905686037 
7.0797387445 
7.0908425091 
7.1310469222 
7.1319881794 
7.1296639844 
7.3258637316 
7.1951916149 
7.4103061607 
7.5784805837 
7.4305602976 
9.0325795572 
14.4886137394 
7.3901808788 
7.7686262965 
7.6451071208 
7.4599243468 
13.7410661015 
15.3497110696 
16.2260545297 
8.2147461844 
8.3701172221 
19.8558838091 
20.4348937606 
21.8250444008 
22.1837634258 
22.5076656141 
11.6254335161 
34.0242614487 
40.8320480224 
40.9373701185 
41.7625452688 
41.9938367548 
43.1900638869 
