1062086.00 
1068952.00 
1084234.00 
1069468.00 
1104690.00 
1082058.00 
1100948.00 
1092130.00 
1100996.00 
1072714.00 
3919168.00 
4052664.00 
4004260.00 
3996220.00 
3938200.00 
3986048.00 
3933690.00 
3999146.00 
3935624.00 
3987482.00 
8465530.00 
8645858.00 
8447978.00 
8558652.00 
8434548.00 
8377834.00 
8557646.00 
8354284.00 
8324946.00 
8400436.00 
14496252.00 
14759602.00 
14289406.00 
14085542.00 
14204930.00 
14549168.00 
14094732.00 
14321518.00 
14114516.00 
14201224.00 
32527268.00 
32257782.00 
35975460.00 
32244708.00 
31512040.00 
32082246.00 
31203322.00 
32077564.00 
31602778.00 
31694226.00 
55932362.00 
56334020.00 
55363628.00 
55253502.00 
55343196.00 
55256426.00 
55077158.00 
55577640.00 
54790382.00 
55211680.00 
92201370.00 
92643700.00 
92058538.00 
107725760.00 
93031124.00 
91704396.00 
92232592.00 
91785848.00 
92454428.00 
91394668.00 
153087136.00 
130376326.00 
131075098.00 
128341194.00 
130578634.00 
130531578.00 
131236834.00 
129338922.00 
130201744.00 
130356146.00 
