4639924.00 
4317180.00 
4434130.00 
4375396.00 
4486796.00 
4454270.00 
4266776.00 
4444952.00 
4469256.00 
4420938.00 
14079880.00 
13848136.00 
13552692.00 
13701718.00 
14348194.00 
14185044.00 
13463864.00 
13472374.00 
13444700.00 
14419504.00 
28527800.00 
30201740.00 
29728692.00 
29584456.00 
29059140.00 
30840478.00 
29596836.00 
29873728.00 
28773288.00 
31003222.00 
51435330.00 
50699272.00 
50200528.00 
54626076.00 
54203898.00 
50893724.00 
50995288.00 
52809626.00 
53482814.00 
53394628.00 
111089920.00 
111842790.00 
118396140.00 
119612174.00 
112236972.00 
113444060.00 
117508780.00 
115007284.00 
117234748.00 
117096636.00 
196139406.00 
198592938.00 
214423968.00 
204879934.00 
205999986.00 
195827356.00 
203932346.00 
207317814.00 
200671926.00 
200930128.00 
320996672.00 
328035404.00 
333073246.00 
328824672.00 
327055200.00 
319847242.00 
334550684.00 
329837340.00 
336722472.00 
325954562.00 
463817722.00 
457079510.00 
485062734.00 
453180014.00 
468427494.00 
461127336.00 
440096040.00 
463177016.00 
460080780.00 
460219110.00 
