5142332.00 
5098754.00 
5099624.00 
5090236.00 
5099850.00 
5091532.00 
5090316.00 
5089906.00 
5087152.00 
5098782.00 
20323074.00 
20349176.00 
20375250.00 
20339054.00 
20380156.00 
20345892.00 
20390554.00 
20365936.00 
20333428.00 
20361750.00 
45055078.00 
45072180.00 
44952048.00 
45102672.00 
44343384.00 
45031558.00 
44912976.00 
45047934.00 
44952520.00 
45124550.00 
80012336.00 
80091112.00 
80360266.00 
79870580.00 
80530386.00 
79569606.00 
79718308.00 
79604366.00 
79635400.00 
79593884.00 
179968072.00 
180721700.00 
179760494.00 
179932452.00 
179824564.00 
179961502.00 
179714178.00 
179748108.00 
180330262.00 
179778092.00 
318826184.00 
319331398.00 
318657822.00 
318883626.00 
319257264.00 
319287874.00 
319395912.00 
318618434.00 
319395894.00 
318405126.00 
517468064.00 
517847006.00 
517545020.00 
517654826.00 
517128566.00 
517641108.00 
517891818.00 
517708056.00 
517413984.00 
517675004.00 
718207608.00 
718119310.00 
718197048.00 
718891810.00 
718959942.00 
719258414.00 
719012124.00 
717130700.00 
719004916.00 
718523742.00 
