863138.00 
843764.00 
862696.00 
868400.00 
862764.00 
864942.00 
861932.00 
856574.00 
860504.00 
863932.00 
3630352.00 
3583952.00 
3610732.00 
3601418.00 
3580454.00 
3581168.00 
3581944.00 
3601916.00 
3572184.00 
3613444.00 
7136248.00 
6914102.00 
6844628.00 
6827332.00 
6872062.00 
6816094.00 
6003034.00 
6850506.00 
6863570.00 
5742486.00 
10985338.00 
10759864.00 
10648634.00 
10758102.00 
10675240.00 
10655624.00 
10719624.00 
10654162.00 
10756768.00 
10679864.00 
24123276.00 
23268304.00 
22654294.00 
24163584.00 
22711722.00 
24014348.00 
22688988.00 
22586862.00 
23823188.00 
23904904.00 
42700762.00 
43280522.00 
43221128.00 
42122104.00 
43305404.00 
42086916.00 
43403614.00 
43154748.00 
43214514.00 
43221292.00 
71750694.00 
72082046.00 
71872704.00 
73575592.00 
70788952.00 
70870062.00 
71901974.00 
70755300.00 
70691368.00 
70643758.00 
98979316.00 
99280416.00 
99175196.00 
99223760.00 
97792484.00 
97762148.00 
97684780.00 
97833924.00 
98961120.00 
99220060.00 
