6657006.00 
6279884.00 
6660584.00 
7502704.00 
6730224.00 
6678650.00 
6866002.00 
7365116.00 
6726594.00 
7221252.00 
17855578.00 
17639424.00 
17753016.00 
17359678.00 
17000252.00 
17219838.00 
18506848.00 
18986002.00 
18047428.00 
16989368.00 
34600208.00 
34225954.00 
37034288.00 
39629492.00 
44667972.00 
38034210.00 
37749354.00 
37193052.00 
43202500.00 
34460828.00 
61420896.00 
62243938.00 
59656424.00 
62085892.00 
62149030.00 
61835874.00 
60624652.00 
62048518.00 
60022300.00 
81127338.00 
130346786.00 
138833940.00 
132982518.00 
130316934.00 
137552678.00 
134354066.00 
123935156.00 
170608124.00 
138977586.00 
126056524.00 
300756206.00 
229983078.00 
230104320.00 
222468980.00 
298114572.00 
230253316.00 
292464646.00 
305320168.00 
223046170.00 
236218510.00 
348516152.00 
406309468.00 
380489568.00 
392328208.00 
372344270.00 
470997566.00 
389766914.00 
371666440.00 
489390898.00 
485931464.00 
508641028.00 
500166264.00 
680798702.00 
502379002.00 
504601130.00 
531398396.00 
518287988.00 
510886630.00 
673982660.00 
514898988.00 
