459963484.00 
529728406.00 
496057056.00 
481531210.00 
511029742.00 
473383034.00 
517571014.00 
484989020.00 
537149272.00 
476360798.00 
416297274.00 
418190088.00 
485398770.00 
466977188.00 
481869918.00 
441107304.00 
479879870.00 
419729802.00 
470854174.00 
440256982.00 
476935908.00 
442839174.00 
446509830.00 
442341900.00 
443606302.00 
476754568.00 
475653308.00 
436451768.00 
495037406.00 
471114822.00 
516742008.00 
627640088.00 
534397622.00 
672796464.00 
504910328.00 
507931870.00 
574204706.00 
544276680.00 
694451050.00 
498568578.00 
721841688.00 
719871576.00 
720737524.00 
720000456.00 
719389634.00 
719622256.00 
717931398.00 
720986964.00 
720997856.00 
718776306.00 
