4419994.00 
3887014.00 
3659908.00 
4221952.00 
3774730.00 
3685046.00 
3818516.00 
3792698.00 
3646770.00 
3790416.00 
14633916.00 
14213584.00 
15218536.00 
14254962.00 
14346550.00 
14241944.00 
14040850.00 
14444238.00 
13578308.00 
13838272.00 
31260702.00 
33464084.00 
32325518.00 
30104014.00 
30719962.00 
32471666.00 
31109204.00 
33918938.00 
29400280.00 
32558038.00 
53466174.00 
56986268.00 
56743734.00 
58995122.00 
55379062.00 
55966630.00 
52579276.00 
55137202.00 
58487828.00 
56414506.00 
122795366.00 
138957302.00 
123096594.00 
119977898.00 
121896264.00 
126868424.00 
117207826.00 
130242604.00 
112748862.00 
123505512.00 
216033980.00 
209696720.00 
237837822.00 
208566310.00 
236302012.00 
217549812.00 
262826434.00 
223725832.00 
231775038.00 
228105006.00 
338995258.00 
352518182.00 
387303134.00 
338500158.00 
343700454.00 
338132610.00 
359609016.00 
373021480.00 
334563732.00 
395012980.00 
474092088.00 
553088688.00 
541742332.00 
632287520.00 
477918782.00 
493388282.00 
487261258.00 
537731156.00 
525134828.00 
494338128.00 
