6105644.00 
6092876.00 
6099482.00 
6094902.00 
6096320.00 
6066276.00 
6075474.00 
6093004.00 
6081934.00 
6080894.00 
24399648.00 
24185876.00 
24230808.00 
24219500.00 
24202788.00 
24212938.00 
24258584.00 
24284028.00 
24187948.00 
24274286.00 
55103466.00 
55265936.00 
54584182.00 
54856762.00 
54009784.00 
54798544.00 
53819468.00 
54719858.00 
54913180.00 
54816706.00 
95998756.00 
95738920.00 
96253362.00 
96231544.00 
95741812.00 
97424164.00 
95831828.00 
96238208.00 
96227140.00 
95981432.00 
217412532.00 
216812210.00 
215413954.00 
216792666.00 
214390286.00 
213825348.00 
214849430.00 
216602640.00 
214694196.00 
215213878.00 
382039126.00 
383472694.00 
382617126.00 
382572426.00 
383220144.00 
383377500.00 
382753128.00 
383400564.00 
383232416.00 
383166804.00 
622516840.00 
622722244.00 
617629352.00 
618801162.00 
619500772.00 
622177270.00 
620171402.00 
621939620.00 
622517958.00 
618331794.00 
856960568.00 
856883960.00 
853910318.00 
858243604.00 
857521360.00 
856801348.00 
854914802.00 
859530842.00 
858416780.00 
855584078.00 
