5860792.00 
6293130.00 
5713446.00 
6182812.00 
5821096.00 
7152126.00 
5925888.00 
6197288.00 
6419920.00 
5888616.00 
25843626.00 
27383260.00 
26697068.00 
22623734.00 
26663590.00 
25948316.00 
23227384.00 
23279894.00 
23748064.00 
22209024.00 
56405826.00 
53255186.00 
53031502.00 
51085828.00 
60308214.00 
53252548.00 
54304362.00 
52027622.00 
57879030.00 
63230950.00 
91193132.00 
98724232.00 
93107562.00 
91670566.00 
103394766.00 
90228848.00 
92167812.00 
95221346.00 
98727840.00 
91988518.00 
205807372.00 
233247214.00 
204286946.00 
210924228.00 
213940794.00 
214657190.00 
223208116.00 
212652826.00 
218646658.00 
236817864.00 
387620960.00 
369182778.00 
359238686.00 
414341094.00 
357512056.00 
389079624.00 
361844828.00 
374145222.00 
367596004.00 
380670824.00 
690486938.00 
589175022.00 
665186098.00 
675226612.00 
703709224.00 
581362198.00 
596353772.00 
622511388.00 
614525740.00 
655575838.00 
829866324.00 
976039322.00 
928722902.00 
962937530.00 
945180532.00 
919518832.00 
864780028.00 
997379192.00 
996231992.00 
866875024.00 
