4211648.00 
4035082.00 
4176738.00 
4028364.00 
4042952.00 
4045382.00 
4061018.00 
4037414.00 
4049984.00 
4193002.00 
16066432.00 
15842378.00 
15839388.00 
15802136.00 
15827938.00 
15812204.00 
15810568.00 
16351786.00 
16403180.00 
15802328.00 
34765988.00 
34348326.00 
34453070.00 
35753536.00 
34409428.00 
34432122.00 
35636692.00 
34493914.00 
33861258.00 
35877744.00 
64625630.00 
60105362.00 
60069252.00 
62457670.00 
60011082.00 
59992064.00 
60352316.00 
60052178.00 
61161048.00 
60868048.00 
135692072.00 
133905444.00 
134450824.00 
139657402.00 
134358488.00 
133632086.00 
134483258.00 
133690818.00 
133530138.00 
133653370.00 
277434118.00 
238793720.00 
238030164.00 
247281866.00 
237286666.00 
237623006.00 
236715820.00 
236765352.00 
247083000.00 
237540004.00 
405420912.00 
386078298.00 
385330878.00 
385520308.00 
385231820.00 
402463748.00 
386027416.00 
402325876.00 
385355240.00 
385526050.00 
558969618.00 
537627334.00 
560970700.00 
538060116.00 
536156480.00 
536522796.00 
537438142.00 
536485396.00 
561132792.00 
537446816.00 
