1284224.00 
1298834.00 
1303202.00 
1304630.00 
1322932.00 
1308416.00 
1297202.00 
1305196.00 
1299206.00 
1295798.00 
5073804.00 
5115300.00 
5112304.00 
5091352.00 
5104944.00 
5074454.00 
5115114.00 
5104822.00 
5081062.00 
5097070.00 
9961340.00 
10485012.00 
10441728.00 
10471670.00 
10420112.00 
10448660.00 
10420858.00 
10469238.00 
10445566.00 
9483316.00 
17927838.00 
17345582.00 
17408346.00 
17345058.00 
17344438.00 
17422206.00 
17333764.00 
17363446.00 
17429028.00 
17345662.00 
39366416.00 
38420054.00 
39284454.00 
37997062.00 
37990428.00 
37835688.00 
37918538.00 
38169432.00 
39033194.00 
37914750.00 
69622742.00 
69744980.00 
69367548.00 
70080274.00 
70056786.00 
70315154.00 
70501110.00 
70098680.00 
70032994.00 
69020438.00 
115297314.00 
116598494.00 
114646542.00 
115316412.00 
114672726.00 
114600348.00 
114493244.00 
115543978.00 
114553224.00 
114829702.00 
160481056.00 
160276284.00 
160001000.00 
159132816.00 
160101462.00 
160300736.00 
158659996.00 
159135838.00 
159837398.00 
159513868.00 
