1297222.00 
1309606.00 
1309228.00 
1304830.00 
1313390.00 
1410752.00 
1296386.00 
1322262.00 
1312756.00 
1312640.00 
5085958.00 
5107640.00 
5100298.00 
5114800.00 
5481114.00 
5138354.00 
5128970.00 
5137296.00 
5119430.00 
5128070.00 
10953960.00 
9846340.00 
10511800.00 
10598260.00 
10461774.00 
10488382.00 
10570348.00 
10457892.00 
10480616.00 
10769340.00 
18760964.00 
17681202.00 
17439416.00 
17431356.00 
17352584.00 
17437798.00 
18347650.00 
17375514.00 
17428012.00 
17415902.00 
39222972.00 
39622284.00 
39205966.00 
38510162.00 
39037416.00 
39069144.00 
37982900.00 
39083116.00 
38405878.00 
39095936.00 
69642820.00 
69630106.00 
70441116.00 
70769490.00 
70362618.00 
69559566.00 
70436844.00 
69827912.00 
70847232.00 
70240278.00 
114551628.00 
114990686.00 
114976188.00 
114884720.00 
114746706.00 
114912268.00 
114833164.00 
116152908.00 
114803064.00 
114874066.00 
160892962.00 
161072304.00 
159937634.00 
159259604.00 
160268050.00 
160456248.00 
160024486.00 
160405952.00 
160132504.00 
161112054.00 
