850.00 
850.00 
850.00 
852.00 
868.00 
868.00 
870.00 
852.00 
850.00 
872.00 
1652.00 
1652.00 
1654.00 
1656.00 
1638.00 
1654.00 
1654.00 
1628.00 
1656.00 
1636.00 
3908.00 
3908.00 
3914.00 
4052.00 
4086.00 
3904.00 
3876.00 
3858.00 
3858.00 
3914.00 
4660.00 
4672.00 
4632.00 
4688.00 
4614.00 
4860.00 
4740.00 
4634.00 
4596.00 
4630.00 
7542.00 
7570.00 
7546.00 
7598.00 
7612.00 
7568.00 
7542.00 
7626.00 
7534.00 
7540.00 
10452.00 
10340.00 
21176.00 
10408.00 
10730.00 
10382.00 
10430.00 
10410.00 
10426.00 
10468.00 
13572.00 
13482.00 
13548.00 
13602.00 
13682.00 
13522.00 
13942.00 
13504.00 
13620.00 
13630.00 
16708.00 
16320.00 
16576.00 
16384.00 
16242.00 
16412.00 
16532.00 
16402.00 
16502.00 
16532.00 
