2845834.00 
2101114.00 
2896536.00 
2978346.00 
2403502.00 
2400036.00 
2405540.00 
2157040.00 
1984980.00 
2292576.00 
4485302.00 
3904078.00 
5317550.00 
4089286.00 
3855724.00 
5215848.00 
6259892.00 
5920060.00 
5481558.00 
5697494.00 
6843626.00 
6642574.00 
6719834.00 
6625884.00 
6741846.00 
6545704.00 
6598358.00 
6615776.00 
6564952.00 
6515254.00 
7238450.00 
7368908.00 
7305172.00 
7376542.00 
7240796.00 
7237008.00 
7306606.00 
7312374.00 
7351770.00 
7313550.00 
9380190.00 
9445070.00 
9525150.00 
9454518.00 
9330834.00 
9410734.00 
9354710.00 
9447998.00 
9393158.00 
9742916.00 
12285392.00 
12630088.00 
12424114.00 
12546080.00 
12322368.00 
12296376.00 
12430550.00 
12326500.00 
12253848.00 
12341474.00 
18477898.00 
18184166.00 
18340362.00 
18302726.00 
18047592.00 
18354124.00 
18245712.00 
18067824.00 
18322930.00 
18177920.00 
24650618.00 
24962158.00 
24726362.00 
25137954.00 
24747066.00 
24846270.00 
24910042.00 
24458220.00 
24899464.00 
24983000.00 
