3813010.00 
3957126.00 
3680760.00 
3662262.00 
3825360.00 
3772546.00 
3910970.00 
3592704.00 
3993744.00 
3828218.00 
14248430.00 
14227854.00 
14882326.00 
14180238.00 
13512326.00 
14170398.00 
14425564.00 
13865068.00 
15084796.00 
13842112.00 
30980440.00 
30406982.00 
30900622.00 
30845916.00 
31886406.00 
31992152.00 
31457012.00 
32514086.00 
35539280.00 
33244970.00 
55244566.00 
52437810.00 
57161364.00 
58627496.00 
58845000.00 
52890702.00 
54750194.00 
57826190.00 
64646832.00 
60453978.00 
131092634.00 
129017124.00 
121215552.00 
122489966.00 
121934472.00 
121540614.00 
123350546.00 
133088312.00 
121208098.00 
124191254.00 
215565550.00 
216782598.00 
254749046.00 
233865916.00 
219422134.00 
219365722.00 
206762826.00 
222737486.00 
208262056.00 
216812240.00 
357869164.00 
390904910.00 
385269044.00 
355607814.00 
404248608.00 
337548930.00 
398949682.00 
355820008.00 
353060884.00 
361021184.00 
513792508.00 
525428050.00 
552824500.00 
484468962.00 
518564644.00 
506429274.00 
502991284.00 
501152592.00 
501584894.00 
555322288.00 
3707710.00 
3780582.00 
3729690.00 
3790224.00 
3776932.00 
3822684.00 
3800268.00 
3681428.00 
3711788.00 
3838628.00 
13672304.00 
13015610.00 
12908548.00 
12937804.00 
13823220.00 
12893212.00 
13256286.00 
13107232.00 
12853610.00 
12996066.00 
29329774.00 
28773478.00 
28774830.00 
28012976.00 
28968398.00 
28450414.00 
29825856.00 
27836316.00 
28859250.00 
27714366.00 
49349894.00 
48891498.00 
49125574.00 
50304632.00 
51586230.00 
49087084.00 
49499046.00 
50590730.00 
50302172.00 
51177284.00 
110245628.00 
113321318.00 
123197798.00 
111089180.00 
111465790.00 
111652352.00 
114247722.00 
106677048.00 
108754996.00 
122192802.00 
215607584.00 
205294856.00 
197026220.00 
210079286.00 
205144864.00 
192991560.00 
196790256.00 
212236818.00 
198369026.00 
187374278.00 
334370110.00 
325619936.00 
331885320.00 
355431688.00 
326687948.00 
325415892.00 
318866258.00 
323505554.00 
368556122.00 
331547820.00 
451679018.00 
456373138.00 
430972116.00 
451093978.00 
418872994.00 
439161622.00 
464208454.00 
454490038.00 
469597748.00 
455842956.00 
