868.00 
850.00 
868.00 
868.00 
850.00 
870.00 
850.00 
868.00 
852.00 
868.00 
1654.00 
1656.00 
1636.00 
1636.00 
1638.00 
1652.00 
1654.00 
1654.00 
1654.00 
1650.00 
3902.00 
3896.00 
3896.00 
3878.00 
3890.00 
3864.00 
3924.00 
3862.00 
3924.00 
3866.00 
4646.00 
4662.00 
4670.00 
4600.00 
4648.00 
4634.00 
4706.00 
4656.00 
4658.00 
4686.00 
7510.00 
14920.00 
7556.00 
7658.00 
7564.00 
7566.00 
7578.00 
7520.00 
7580.00 
7742.00 
10396.00 
10368.00 
10584.00 
10382.00 
10376.00 
10348.00 
10448.00 
10402.00 
10350.00 
10412.00 
13504.00 
13406.00 
13504.00 
13562.00 
13666.00 
13612.00 
13498.00 
13544.00 
13396.00 
13370.00 
16516.00 
16212.00 
16506.00 
16250.00 
16548.00 
16258.00 
16098.00 
16228.00 
16628.00 
16376.00 
