870.00 
868.00 
850.00 
868.00 
850.00 
850.00 
850.00 
868.00 
850.00 
868.00 
1626.00 
1628.00 
1656.00 
1646.00 
1634.00 
1654.00 
1652.00 
1636.00 
1634.00 
1652.00 
3884.00 
3862.00 
3860.00 
3912.00 
3832.00 
3876.00 
3844.00 
3936.00 
3850.00 
3892.00 
4674.00 
4656.00 
4642.00 
4662.00 
4734.00 
4702.00 
4656.00 
4650.00 
4624.00 
4682.00 
7560.00 
7586.00 
7558.00 
7498.00 
7514.00 
7538.00 
7628.00 
7502.00 
7644.00 
7508.00 
10344.00 
10468.00 
10432.00 
10394.00 
10356.00 
10648.00 
10406.00 
10340.00 
10428.00 
10336.00 
13568.00 
13786.00 
13462.00 
13532.00 
13372.00 
13708.00 
13530.00 
13434.00 
13416.00 
13410.00 
16340.00 
16368.00 
16384.00 
16344.00 
16550.00 
16378.00 
16354.00 
16526.00 
16382.00 
16086.00 
