618480.00 
623934.00 
613750.00 
625134.00 
629802.00 
615114.00 
643488.00 
615328.00 
614678.00 
613670.00 
2657592.00 
2669902.00 
2645470.00 
2624820.00 
2639852.00 
2628998.00 
2668040.00 
2610924.00 
2649508.00 
2656794.00 
4124542.00 
4756794.00 
3599388.00 
4778440.00 
4724774.00 
4715564.00 
4765510.00 
4701100.00 
4708538.00 
4766300.00 
7286278.00 
8161812.00 
6914326.00 
6992772.00 
6922184.00 
8108234.00 
6993138.00 
6989480.00 
6916262.00 
8109608.00 
16772972.00 
14967768.00 
15665354.00 
15452252.00 
14319488.00 
15609520.00 
15352804.00 
14217814.00 
14303090.00 
15381050.00 
28074242.00 
27380582.00 
28432446.00 
26949972.00 
28540964.00 
26981774.00 
28694574.00 
28097280.00 
27231954.00 
27062124.00 
46474810.00 
47277958.00 
48324684.00 
47100964.00 
47034236.00 
47182066.00 
47012402.00 
47311960.00 
46984188.00 
47299334.00 
66313768.00 
66220656.00 
66540830.00 
66417418.00 
65308310.00 
65091826.00 
66470538.00 
66542268.00 
66292432.00 
66533908.00 
