6.8653181366 
6.8745359625 
6.8854265115 
6.8936406069 
6.8973968712 
6.8963035886 
6.8984808872 
7.1791620854 
7.2986688078 
7.3317672502 
7.4656235807 
7.4170626259 
7.4210376858 
8.6564121735 
7.4157900984 
7.4097219147 
7.7970428461 
7.6467638833 
8.2781663853 
15.1891423228 
17.0080137618 
9.3704169833 
8.1522153385 
16.5294758607 
17.6996575280 
19.5699793402 
19.4864162385 
19.9384503029 
11.3547796131 
22.5384134184 
32.4672459183 
32.7726865454 
33.4931490328 
33.6408205813 
33.8572131196 
